37
3 3
-1.0 -8.0  0.0
-1.0  1.0 -5.0
 3.0  0.0  2.0

2 2
4.0 -2.0
1.0  3.0

4 4
0.0  1.0  2.0  3.0
4.0  5.0  6.0  7.0
8.0  9.0 10.0 11.0
12.0 13.0 14.0 15.0

5 5
1.0  0.0  0.0  0.0  0.0
0.0  1.0  0.0  0.0  0.0
0.0  0.0  1.0  0.0  0.0
0.0  0.0  0.0  1.0  0.0
0.0  0.0  0.0  0.0  1.0

6 6
2.0  3.0  5.0  7.0 11.0 13.0
17.0 19.0 23.0 29.0 31.0 37.0
41.0 43.0 47.0 53.0 59.0 61.0
67.0 71.0 73.0 79.0 83.0 89.0
97.0 101.0 103.0 107.0 109.0 113.0
127.0 131.0 137.0 139.0 149.0 151.0

7 7
1.0 2.0 3.0 4.0 5.0 6.0 7.0
8.0 9.0 10.0 11.0 12.0 13.0 14.0
15.0 16.0 17.0 18.0 19.0 20.0 21.0
22.0 23.0 24.0 25.0 26.0 27.0 28.0
29.0 30.0 31.0 32.0 33.0 34.0 35.0
36.0 37.0 38.0 39.0 40.0 41.0 42.0
43.0 44.0 45.0 46.0 47.0 48.0 49.0

8 8
1.0 0.0 0.0 0.0 0.0 0.0 0.0 0.0
0.0 2.0 0.0 0.0 0.0 0.0 0.0 0.0
0.0 0.0 3.0 0.0 0.0 0.0 0.0 0.0
0.0 0.0 0.0 4.0 0.0 0.0 0.0 0.0
0.0 0.0 0.0 0.0 5.0 0.0 0.0 0.0
0.0 0.0 0.0 0.0 0.0 6.0 0.0 0.0
0.0 0.0 0.0 0.0 0.0 0.0 7.0 0.0
0.0 0.0 0.0 0.0 0.0 0.0 0.0 8.0

9 9
1.0 2.0 3.0 4.0 5.0 6.0 7.0 8.0 9.0
9.0 8.0 7.0 6.0 5.0 4.0 3.0 2.0 1.0
2.0 3.0 4.0 5.0 6.0 7.0 8.0 9.0 1.0
3.0 4.0 5.0 6.0 7.0 8.0 9.0 1.0 2.0
4.0 5.0 6.0 7.0 8.0 9.0 1.0 2.0 3.0
5.0 6.0 7.0 8.0 9.0 1.0 2.0 3.0 4.0
6.0 7.0 8.0 9.0 1.0 2.0 3.0 4.0 5.0
7.0 8.0 9.0 1.0 2.0 3.0 4.0 5.0 6.0
8.0 9.0 1.0 2.0 3.0 4.0 5.0 6.0 7.0

10 10
1.0 0.0 0.0 0.0 0.0 0.0 0.0 0.0 0.0 0.0
0.0 2.0 0.0 0.0 0.0 0.0 0.0 0.0 0.0 0.0
0.0 0.0 3.0 0.0 0.0 0.0 0.0 0.0 0.0 0.0
0.0 0.0 0.0 4.0 0.0 0.0 0.0 0.0 0.0 0.0
0.0 0.0 0.0 0.0 5.0 0.0 0.0 0.0 0.0 0.0
0.0 0.0 0.0 0.0 0.0 6.0 0.0 0.0 0.0 0.0
0.0 0.0 0.0 0.0 0.0 0.0 7.0 0.0 0.0 0.0
0.0 0.0 0.0 0.0 0.0 0.0 0.0 8.0 0.0 0.0
0.0 0.0 0.0 0.0 0.0 0.0 0.0 0.0 9.0 0.0
0.0 0.0 0.0 0.0 0.0 0.0 0.0 0.0 0.0 10.0

2 2
-1.0 2.0
3.0 -4.0

3 3
5.0 6.0 7.0
8.0 9.0 1.0
2.0 3.0 4.0

4 4
1.0 2.0 3.0 4.0
4.0 3.0 2.0 1.0
1.0 2.0 3.0 4.0
4.0 3.0 2.0 1.0

5 5
2.0 3.0 4.0 5.0 6.0
6.0 5.0 4.0 3.0 2.0
2.0 3.0 4.0 5.0 6.0
6.0 5.0 4.0 3.0 2.0
2.0 3.0 4.0 5.0 6.0

6 6
1.0 1.0 1.0 1.0 1.0 1.0
2.0 2.0 2.0 2.0 2.0 2.0
3.0 3.0 3.0 3.0 3.0 3.0
4.0 4.0 4.0 4.0 4.0 4.0
5.0 5.0 5.0 5.0 5.0 5.0
6.0 6.0 6.0 6.0 6.0 6.0

7 7
1.0 0.0 1.0 0.0 1.0 0.0 1.0
0.0 1.0 0.0 1.0 0.0 1.0 0.0
1.0 0.0 1.0 0.0 1.0 0.0 1.0
0.0 1.0 0.0 1.0 0.0 1.0 0.0
1.0 0.0 1.0 0.0 1.0 0.0 1.0
0.0 1.0 0.0 1.0 0.0 1.0 0.0
1.0 0.0 1.0 0.0 1.0 0.0 1.0

8 8
8.0 7.0 6.0 5.0 4.0 3.0 2.0 1.0
1.0 2.0 3.0 4.0 5.0 6.0 7.0 8.0
8.0 7.0 6.0 5.0 4.0 3.0 2.0 1.0
1.0 2.0 3.0 4.0 5.0 6.0 7.0 8.0
8.0 7.0 6.0 5.0 4.0 3.0 2.0 1.0
1.0 2.0 3.0 4.0 5.0 6.0 7.0 8.0
8.0 7.0 6.0 5.0 4.0 3.0 2.0 1.0
1.0 2.0 3.0 4.0 5.0 6.0 7.0 8.0

9 9
9.0 8.0 7.0 6.0 5.0 4.0 3.0 2.0 1.0
1.0 2.0 3.0 4.0 5.0 6.0 7.0 8.0 9.0
9.0 8.0 7.0 6.0 5.0 4.0 3.0 2.0 1.0
1.0 2.0 3.0 4.0 5.0 6.0 7.0 8.0 9.0
9.0 8.0 7.0 6.0 5.0 4.0 3.0 2.0 1.0
1.0 2.0 3.0 4.0 5.0 6.0 7.0 8.0 9.0
9.0 8.0 7.0 6.0 5.0 4.0 3.0 2.0 1.0
1.0 2.0 3.0 4.0 5.0 6.0 7.0 8.0 9.0
9.0 8.0 7.0 6.0 5.0 4.0 3.0 2.0 1.0

10 10
10.0 9.0 8.0 7.0 6.0 5.0 4.0 3.0 2.0 1.0
1.0 2.0 3.0 4.0 5.0 6.0 7.0 8.0 9.0 10.0
10.0 9.0 8.0 7.0 6.0 5.0 4.0 3.0 2.0 1.0
1.0 2.0 3.0 4.0 5.0 6.0 7.0 8.0 9.0 10.0
10.0 9.0 8.0 7.0 6.0 5.0 4.0 3.0 2.0 1.0
1.0 2.0 3.0 4.0 5.0 6.0 7.0 8.0 9.0 10.0
10.0 9.0 8.0 7.0 6.0 5.0 4.0 3.0 2.0 1.0
1.0 2.0 3.0 4.0 5.0 6.0 7.0 8.0 9.0 10.0
10.0 9.0 8.0 7.0 6.0 5.0 4.0 3.0 2.0 1.0
1.0 2.0 3.0 4.0 5.0 6.0 7.0 8.0 9.0 10.0

2 2
0.0 1.0
1.0 0.0

3 3
1.0 2.0 3.0
4.0 5.0 6.0
7.0 8.0 9.0

4 4
2.0 0.0 0.0 0.0
0.0 2.0 0.0 0.0
0.0 0.0 2.0 0.0
0.0 0.0 0.0 2.0

5 5
1.0 2.0 3.0 4.0 5.0
5.0 4.0 3.0 2.0 1.0
1.0 2.0 3.0 4.0 5.0
5.0 4.0 3.0 2.0 1.0
1.0 2.0 3.0 4.0 5.0

6 6
6.0 5.0 4.0 3.0 2.0 1.0
1.0 2.0 3.0 4.0 5.0 6.0
6.0 5.0 4.0 3.0 2.0 1.0
1.0 2.0 3.0 4.0 5.0 6.0
6.0 5.0 4.0 3.0 2.0 1.0
1.0 2.0 3.0 4.0 5.0 6.0

7 7
7.0 6.0 5.0 4.0 3.0 2.0 1.0
1.0 2.0 3.0 4.0 5.0 6.0 7.0
7.0 6.0 5.0 4.0 3.0 2.0 1.0
1.0 2.0 3.0 4.0 5.0 6.0 7.0
7.0 6.0 5.0 4.0 3.0 2.0 1.0
1.0 2.0 3.0 4.0 5.0 6.0 7.0
7.0 6.0 5.0 4.0 3.0 2.0 1.0

8 8
1.0 1.0 1.0 1.0 1.0 1.0 1.0 1.0
2.0 2.0 2.0 2.0 2.0 2.0 2.0 2.0
3.0 3.0 3.0 3.0 3.0 3.0 3.0 3.0
4.0 4.0 4.0 4.0 4.0 4.0 4.0 4.0
5.0 5.0 5.0 5.0 5.0 5.0 5.0 5.0
6.0 6.0 6.0 6.0 6.0 6.0 6.0 6.0
7.0 7.0 7.0 7.0 7.0 7.0 7.0 7.0
8.0 8.0 8.0 8.0 8.0 8.0 8.0 8.0

9 9
1.0 0.0 0.0 0.0 0.0 0.0 0.0 0.0 0.0
0.0 1.0 0.0 0.0 0.0 0.0 0.0 0.0 0.0
0.0 0.0 1.0 0.0 0.0 0.0 0.0 0.0 0.0
0.0 0.0 0.0 1.0 0.0 0.0 0.0 0.0 0.0
0.0 0.0 0.0 0.0 1.0 0.0 0.0 0.0 0.0
0.0 0.0 0.0 0.0 0.0 1.0 0.0 0.0 0.0
0.0 0.0 0.0 0.0 0.0 0.0 1.0 0.0 0.0
0.0 0.0 0.0 0.0 0.0 0.0 0.0 1.0 0.0
0.0 0.0 0.0 0.0 0.0 0.0 0.0 0.0 1.0

10 10
1.0 2.0 3.0 4.0 5.0 6.0 7.0 8.0 9.0 10.0
10.0 9.0 8.0 7.0 6.0 5.0 4.0 3.0 2.0 1.0
1.0 2.0 3.0 4.0 5.0 6.0 7.0 8.0 9.0 10.0
10.0 9.0 8.0 7.0 6.0 5.0 4.0 3.0 2.0 1.0
1.0 2.0 3.0 4.0 5.0 6.0 7.0 8.0 9.0 10.0
10.0 9.0 8.0 7.0 6.0 5.0 4.0 3.0 2.0 1.0
1.0 2.0 3.0 4.0 5.0 6.0 7.0 8.0 9.0 10.0
10.0 9.0 8.0 7.0 6.0 5.0 4.0 3.0 2.0 1.0
1.0 2.0 3.0 4.0 5.0 6.0 7.0 8.0 9.0 10.0
10.0 9.0 8.0 7.0 6.0 5.0 4.0 3.0 2.0 1.0

2 2
2.0 3.0
4.0 5.0

3 3
3.0 2.0 1.0
1.0 2.0 3.0
3.0 2.0 1.0

4 4
4.0 3.0 2.0 1.0
1.0 2.0 3.0 4.0
4.0 3.0 2.0 1.0
1.0 2.0 3.0 4.0

5 5
5.0 4.0 3.0 2.0 1.0
1.0 2.0 3.0 4.0 5.0
5.0 4.0 3.0 2.0 1.0
1.0 2.0 3.0 4.0 5.0
5.0 4.0 3.0 2.0 1.0

6 6
6.0 5.0 4.0 3.0 2.0 1.0
1.0 2.0 3.0 4.0 5.0 6.0
6.0 5.0 4.0 3.0 2.0 1.0
1.0 2.0 3.0 4.0 5.0 6.0
6.0 5.0 4.0 3.0 2.0 1.0
1.0 2.0 3.0 4.0 5.0 6.0

7 7
7.0 6.0 5.0 4.0 3.0 2.0 1.0
1.0 2.0 3.0 4.0 5.0 6.0 7.0
7.0 6.0 5.0 4.0 3.0 2.0 1.0
1.0 2.0 3.0 4.0 5.0 6.0 7.0
7.0 6.0 5.0 4.0 3.0 2.0 1.0
1.0 2.0 3.0 4.0 5.0 6.0 7.0
7.0 6.0 5.0 4.0 3.0 2.0 1.0

8 8
8.0 7.0 6.0 5.0 4.0 3.0 2.0 1.0
1.0 2.0 3.0 4.0 5.0 6.0 7.0 8.0
8.0 7.0 6.0 5.0 4.0 3.0 2.0 1.0
1.0 2.0 3.0 4.0 5.0 6.0 7.0 8.0
8.0 7.0 6.0 5.0 4.0 3.0 2.0 1.0
1.0 2.0 3.0 4.0 5.0 6.0 7.0 8.0
8.0 7.0 6.0 5.0 4.0 3.0 2.0 1.0
1.0 2.0 3.0 4.0 5.0 6.0 7.0 8.0

9 9
9.0 8.0 7.0 6.0 5.0 4.0 3.0 2.0 1.0
1.0 2.0 3.0 4.0 5.0 6.0 7.0 8.0 9.0
9.0 8.0 7.0 6.0 5.0 4.0 3.0 2.0 1.0
1.0 2.0 3.0 4.0 5.0 6.0 7.0 8.0 9.0
9.0 8.0 7.0 6.0 5.0 4.0 3.0 2.0 1.0
1.0 2.0 3.0 4.0 5.0 6.0 7.0 8.0 9.0
9.0 8.0 7.0 6.0 5.0 4.0 3.0 2.0 1.0
1.0 2.0 3.0 4.0 5.0 6.0 7.0 8.0 9.0
9.0 8.0 7.0 6.0 5.0 4.0 3.0 2.0 1.0

10 10
10.0 9.0 8.0 7.0 6.0 5.0 4.0 3.0 2.0 1.0
1.0 2.0 3.0 4.0 5.0 6.0 7.0 8.0 9.0 10.0
10.0 9.0 8.0 7.0 6.0 5.0 4.0 3.0 2.0 1.0
1.0 2.0 3.0 4.0 5.0 6.0 7.0 8.0 9.0 10.0
10.0 9.0 8.0 7.0 6.0 5.0 4.0 3.0 2.0 1.0
1.0 2.0 3.0 4.0 5.0 6.0 7.0 8.0 9.0 10.0
10.0 9.0 8.0 7.0 6.0 5.0 4.0 3.0 2.0 1.0
1.0 2.0 3.0 4.0 5.0 6.0 7.0 8.0 9.0 10.0
10.0 9.0 8.0 7.0 6.0 5.0 4.0 3.0 2.0 1.0
1.0 2.0 3.0 4.0 5.0 6.0 7.0 8.0 9.0 10.0